conversion_rates

+------+----------+----------+------------------+
|userId|free_count|paid_count|   conversion_rate|
+------+----------+----------+------------------+
|    19|         8|        24|              0.75|
|     7|        38|        63|0.6237623762376238|
|     6|        36|        75|0.6756756756756757|
|     9|        33|        50|0.6024096385542169|
|    17|         0|       114|               1.0|
|     5|        85|       311|0.7853535353535354|
|    10|        68|       343|0.8345498783454988|
|     3|        36|        51|0.5862068965517241|
|    12|        28|       276|0.9078947368421053|
|     8|        54|       178|0.7672413793103449|
|    11|         2|        86|0.9772727272727273|
|     2|        39|        39|               0.5|
|     4|        39|       258|0.8686868686868687|
|    13|         0|       204|               1.0|
|    18|        28|       287|0.9111111111111111|
|    14|         0|       128|               1.0|
|    21|        13|        26|0.6666666666666666|
|    15|        23|        48| 0.676056338028169|
|    20|         9|         0|               0.0|
|    16|         4|       164|0.9761904761904762|
+------+----------+----------+------------------+





daily_user_listen_counts



+------+----+-----+---+------------+
|userId|year|month|day|listen_count|
+------+----+-----+---+------------+
|    17|2025|    4| 11|          93|
|     4|2025|    3|  5|          61|
|    10|2025|    3| 16|         282|
|    13|2025|    4| 10|          97|
|    18|2024|   10| 25|          41|
|     6|2025|    3| 10|         215|
|     5|2024|   12| 23|         138|
|     5|2024|   12| 25|         105|
|    17|2025|    1|  4|         156|
|     8|2025|    2| 14|         137|
|     8|2024|   10| 16|         123|
|    20|2024|   12| 15|           3|
|     5|2025|    3| 24|         149|
|     7|2025|    4| 16|          82|
|    14|2025|    1|  8|          30|
|     4|2024|   10| 18|          23|
|    20|2025|    2| 13|           6|
|     4|2025|    3| 28|         232|
|     7|2025|    3| 17|         327|
|    11|2024|   12|  4|         149|
+------+----+-----+---+------------+






event_status_grouping


+------+-----------+
|status|event_count|
+------+-----------+
|   307|      20383|
|   404|        242|
|   200|     243562|
+------+-----------+



free_vs_paid_users_comparison


+-----+----------+
|level|user_count|
+-----+----------+
| free|     95579|
| paid|    124255|
+-----+----------+



mean_session_time

+------+----------------+
|userId|avg_session_time|
+------+----------------+
|    19|             1.0|
|     7|             1.0|
|     6|             1.0|
|     9|             1.0|
|    17|             1.0|
|     5|             1.0|
|    10|             1.0|
|     3|             1.0|
|    12|             1.0|
|     8|             1.0|
|    11|             1.0|
|     2|             1.0|
|     4|             1.0|
|    13|             1.0|
|    18|             1.0|
|    14|             1.0|
|    21|             1.0|
|    15|             1.0|
|    20|             1.0|
|    16|             1.0|
+------+----------------+




new_user_week1_behavior


+------+-----------------+
|userId|new_user_behavior|
+------+-----------------+
|    19|               32|
|     7|              101|
|     6|              111|
|     9|               83|
|    17|              114|
|     5|              396|
|    10|              411|
|     3|               87|
|    12|              304|
|     8|              232|
|    11|               88|
|     2|               78|
|     4|              297|
|    13|              204|
|    18|              315|
|    14|              128|
|    21|               39|
|    15|               71|
|    20|                9|
|    16|              168|
+------+-----------------+


top_songs_by_play_count

+--------------------+----------+
|                song|play_count|
+--------------------+----------+
|The Geeks Were Right|         5|
| She's Taken A Shine|         1|
|    Carousel (Album)|         2|
|         TULENLIEKKI|        18|
|Woke Up This Morning|        13|
|              Heaven|        75|
|          Kartoffeln|         4|
|   Magic Carpet Ride|        28|
|   My Maudlin Career|         7|
|              Volume|         2|
|Cool Monsoon (Wea...|         4|
|             Banquet|        20|
|  A Pub With No Beer|         5|
|Turn Your Lights ...|         4|
|  We Have No Secrets|         4|
|      Steps Of Faith|         7|
|   A Friend Like You|         3|
|   Two Ocean Plateau|         3|
|          Nightmares|        10|
|Chloe Dancer/Crow...|         7|
+--------------------+----------+




weekday_mean_listening_time

+-------+-------------------+
|weekday|mean_listening_time|
+-------+-------------------+
|     44| 249.57637049369234|
|     12| 247.37886123772128|
|     47| 248.81164335809552|
|      1| 251.29963298534935|
|     52| 248.39131296059358|
|     13| 248.57865359930557|
|      6|  250.7846842305027|
|     16|   252.358249831663|
|      3| 249.60222777207593|
|     48| 248.34095528051395|
|      5| 248.65982662837533|
|     43|  246.7542784479175|
|     15|  247.8004013686722|
|      9| 247.72300582985903|
|     17|  249.7301586412764|
|      4| 249.14349549763625|
|      8| 249.54593580805104|
|     49| 247.92451356677853|
|      7|  247.2836145905824|
|     51|  249.3584715643622|
+-------+-------------------+
